Running NKI kernel simulation for min...

--- Results Comparison ---
NKI output: [0.01303387 0.01303387 0.01303387 0.01303387 0.01303387 0.01303387
 0.01303387 0.01303387 0.01303387 0.01303387 0.01303387 0.01303387
 0.01303387 0.01303387 0.01303387 0.01303387 0.01303387 0.01303387
 0.01303387 0.01303387 0.01303387 0.01303387 0.01303387 0.01303387
 0.01303387 0.01303387 0.01303387 0.01303387 0.01303387 0.01303387
 0.01303387 0.01303387 0.01303387 0.01303387 0.01303387 0.01303387
 0.01303387 0.01303387 0.01303387 0.01303387 0.01303387 0.01303387
 0.01303387 0.01303387 0.01303387 0.01303387 0.01303387 0.01303387
 0.01303387 0.01303387 0.01303387 0.01303387 0.01303387 0.01303387
 0.01303387 0.01303387 0.01303387 0.01303387 0.01303387 0.01303387
 0.01303387 0.01303387 0.01303387 0.01303387 0.01303387 0.01303387
 0.01303387 0.01303387 0.01303387 0.01303387 0.01303387 0.01303387
 0.01303387 0.01303387 0.01303387 0.01303387 0.01303387 0.01303387
 0.01303387 0.01303387 0.01303387 0.01303387 0.01303387 0.01303387
 0.01303387 0.01303387 0.01303387 0.01303387 0.01303387 0.01303387
 0.01303387 0.01303387 0.01303387 0.01303387 0.01303387 0.01303387
 0.01303387 0.01303387 0.01303387 0.01303387 0.01303387 0.01303387
 0.01303387 0.01303387 0.01303387 0.01303387 0.01303387 0.01303387
 0.01303387 0.01303387 0.01303387 0.01303387 0.01303387 0.01303387
 0.01303387 0.01303387 0.01303387 0.01303387 0.01303387 0.01303387
 0.01303387 0.01303387 0.01303387 0.01303387 0.01303387 0.01303387
 0.01303387 0.01303387]
PyTorch output: 0.013033866882324219

✅ SUCCESS: NKI and PyTorch outputs match!

